http://kbarr.net/static/lo/dannemille/ANSWERS

ANSWERS 

The solution is(Push buttons repsented by 1's):

Level 1 

1 0 1 0 1
1 0 1 0 1
0 0 0 0 0
0 0 0 0 0
0 0 0 0 0

Level 2 

0 1 1 1 0
0 0 0 0 0
1 1 0 1 1
0 0 0 0 0
0 1 1 1 0

Level 3 

0 0 1 0 0
0 0 1 0 0
1 0 0 0 1
0 0 1 0 0
0 0 1 0 0

Level 4 

0 0 0 0 0
0 0 0 0 0
1 1 0 1 1
0 0 0 0 0
0 1 0 1 0

Level 5 

1 0 0 1 1
0 0 0 1 0
0 1 0 0 1
0 0 0 0 0
0 1 0 1 0

Level 6

0 0 1 0 0
0 1 1 1 0
1 0 0 0 1
0 0 0 0 0
0 0 1 0 0

Level 7

0 0 1 0 0
1 0 0 0 0
0 1 1 0 1
1 0 0 0 0
0 0 1 0 0

Level 8 

1 1 0 1 1
0 0 0 0 0
1 1 1 1 1
0 0 1 0 0
0 0 1 0 0

Level 9 

0 0 0 0 0
0 1 0 1 0
0 0 1 0 0
0 1 0 1 0
1 0 1 0 0

Level 10

1 1 0 1 1
0 1 1 1 0
0 0 0 0 0
0 0 0 0 0
0 0 0 0 0

Level 11 

1 0 0 0 1
0 1 1 1 0
1 0 0 0 1
0 0 0 0 0
0 0 1 0 0

Level 12 

1 0 0 0 1
0 0 1 0 0
1 0 1 0 1
0 1 0 1 0
0 0 0 0 0

Level 13 

0 0 0 1 0
0 0 1 0 1
0 1 0 1 0
1 0 1 0 0
0 1 0 0 0

Level 14 

0 0 0 0 1
0 0 0 1 1
0 0 1 0 1
0 0 1 1 0
0 0 1 0 0

Level 15 

0 1 1 0 0
1 0 0 1 0
1 1 0 1 1
1 0 0 1 0
0 1 1 0 0

Level 16 

0 0 1 1 0
1 1 0 0 1
1 0 0 0 1
1 0 0 1 0
1 1 1 1 0

Level 17 

0 1 0 1 0
1 1 0 1 1
0 1 0 1 0
0 0 1 0 0
0 1 0 1 0

Level 18 

0 0 1 0 0
0 1 0 1 0
1 0 1 0 1
0 1 0 1 0
0 0 1 0 0

Level 19 

0 1 1 1 0
0 0 0 0 0
0 1 1 1 0
0 0 0 0 0
0 1 1 1 0

Level 20 

1 1 0 0 0
0 0 1 0 0
1 0 1 1 0
0 0 1 0 0
1 1 0 0 0

Level 21 

0 0 1 1 1
0 0 1 0 1
0 0 0 1 0
0 1 1 0 0
1 1 0 0 0

Level 22 

0 1 0 0 1
1 0 0 0 1
0 0 0 1 1
0 0 1 0 0
1 1 1 0 0

Level 23 

0 0 0 1 1
0 0 1 0 0
0 1 1 0 1
1 0 0 1 0
1 0 1 0 0

Level 24 

0 1 1 1 1
1 0 1 1 0
1 1 1 1 0
0 1 0 1 0
1 1 0 1 0

Level 25 

0 1 1 0 1
0 0 0 0 1
1 0 1 1 0
0 1 1 0 0
1 1 0 1 0
-----------------------------------------------------
Level 26

0 0 0 1 1
1 0 1 0 1
0 0 1 1 1
0 0 0 0 0
1 0 1 1 0

Level 27 

0 0 1 1 1
0 1 1 1 0
1 1 1 0 0
0 0 0 0 0
1 1 0 0 0

Level 28 

1 1 0 0 0
0 0 1 0 0
1 0 1 1 0
1 0 0 1 0
0 1 1 1 0

Level 29 

0 1 0 1 0
1 1 0 1 1
0 0 0 1 0
1 1 1 0 0
0 1 0 0 0

Level 30 

0 1 1 0 1
1 0 0 0 1
1 0 1 1 0
0 0 1 0 0
1 1 0 0 0

Level 31 

1 1 0 0 1
1 0 1 1 0
1 0 0 0 1
1 1 0 0 0
0 0 1 1 0

Level 32 

1 0 1 0 0
0 1 0 0 1
0 1 0 0 1
1 0 0 1 0
1 1 1 1 0

Level 33 

1 0 0 0 1
1 1 0 0 1
1 0 1 0 0
1 1 0 1 0
0 0 1 1 0

Level 34 

0 1 0 1 0
1 1 1 1 0
1 0 1 1 0
1 1 1 1 0
1 0 1 1 0

Level 35 

1 0 0 1 1
1 1 1 1 1
1 0 1 1 1
1 1 1 0 0
0 1 0 0 0

Level 36 

1 0 0 1 0
1 1 0 1 1
1 1 0 0 0
0 1 1 1 0
1 0 0 1 0

Level 37 

0 0 1 0 0
0 1 1 1 0
1 1 1 1 1
0 1 1 1 0
0 0 1 0 0

Level 38 

0 1 0 1 0
0 1 1 1 0
1 0 1 0 1
0 1 1 1 0
0 1 0 1 0

Level 39 

0 1 1 0 1
1 1 0 1 1
1 1 1 0 1
0 1 0 1 0
0 0 0 0 0

Level 40

1 1 1 0 0
0 1 0 1 0
0 0 1 1 1
0 1 0 1 0
1 1 1 0 0

Level 41 

0 0 1 1 1
1 1 0 1 1
0 1 1 0 1
0 1 1 1 0
1 1 1 0 0

Level 42 

0 0 0 0 1
1 1 1 1 1
1 1 1 0 1
0 1 0 1 0
1 0 1 0 0

Level 43 

0 0 1 1 1
1 1 0 1 1
1 1 1 0 1
0 1 1 1 0
0 0 0 0 0

Level 44 

1 0 0 1 0
1 1 1 1 1
0 0 1 1 1
0 1 0 1 0
1 1 0 0 0

Level 45 

0 1 1 0 1
1 1 1 1 1
1 0 1 1 1
0 1 0 1 0
1 0 0 1 0

Level 46 

0 1 0 0 1
1 1 0 1 1
0 0 1 1 1
0 1 1 1 0
1 1 1 0 0

Level 47 

0 1 0 0 1
1 1 0 1 1
1 0 1 1 0
1 1 1 1 0
1 0 0 1 0

Level 48 

0 1 0 0 1
1 1 1 1 1
1 0 1 1 0
0 1 0 1 0
1 1 1 0 0

Level 49 

0 0 1 1 1
1 1 0 1 1
0 1 1 0 1
0 1 1 1 0
1 0 0 1 0

Level 50 

0 0 0 1 1
1 1 0 1 1
1 1 1 0 0
0 1 1 1 0
1 0 1 1 0